tweet_id,favorites,retweets
892420643555336193,37481,8163
892177421306343426,32216,6043
891815181378084864,24283,3999
891689557279858688,40805,8318
891327558926688256,39017,9011
891087950875897856,19608,2992
890971913173991426,11458,1984
890729181411237888,63215,18137
890609185150312448,26968,4107
890240255349198849,30913,7094
890006608113172480,29735,7052
889880896479866881,26970,4787
889665388333682689,46590,9651
889638837579907072,26260,4361
889531135344209921,14640,2166
889278841981685760,24470,5177
888917238123831296,28213,4339
888804989199671297,24770,4120
888554962724278272,19206,3397
888078434458587136,21081,3352
887705289381826560,29263,5174
887517139158093824,44879,11258
887473957103951883,66769,17461
887343217045368832,32620,10034
887101392804085760,29627,5729
886983233522544640,34004,7455
886736880519319552,11653,3137
886680336477933568,21747,4290
886366144734445568,20506,3079
886267009285017600,116,4
886258384151887873,27123,6068
886054160059072513,0,105
885984800019947520,31595,6522
885528943205470208,34872,6181
885518971528720385,19812,3607
885311592912609280,0,17847
885167619883638784,21237,4220
884925521741709313,74944,17544
884876753390489601,27022,5409
884562892145688576,23529,4507
884441805382717440,26180,5458
884247878851493888,70674,19763
884162670584377345,19741,2873
883838122936631299,21196,3314
883482846933004288,44496,9544
883360690899218434,21988,3573
883117836046086144,35994,6413
882992080364220416,23189,3777
882762694511734784,27401,4721
882627270321602560,27067,5869
882268110199369728,43522,11176
882045870035918850,28416,4764
881906580714921986,23565,3277
881666595344535552,49070,10296
881633300179243008,122,7
881536004380872706,47895,15377
881268444196462592,22430,5007
880935762899988482,16511,2685
880872448815771648,20627,3687
880465832366813184,27649,6041
880221127280381952,26191,4067
880095782870896641,26788,4182
879862464715927552,21657,3377
879674319642796034,301,10
879492040517615616,22734,3069
879415818425184262,102628,42743
879376492567855104,16296,3008
879130579576475649,0,6567
879050749262655488,21849,4536
879008229531029506,18387,2599
878776093423087618,18821,3983
878604707211726852,29292,6946
878404777348136964,0,1241
878316110768087041,0,6420
878281511006478336,7505,1241
878057613040115712,40796,6567
877736472329191424,77269,18440
877611172832227328,0,78
877556246731214848,22049,3672
877316821321428993,26592,5025
877201837425926144,26329,5403
876838120628539392,20086,3225
876537666061221889,22868,4489
876484053909872640,18224,2312
876120275196170240,27134,4517
875747767867523072,24460,4150
875144289856114688,21317,4773
875097192612077568,26621,5864
875021211251597312,24752,4571
874680097055178752,27031,4501
874434818259525634,0,14235
874296783580663808,25327,3989
874057562936811520,22077,3828
874012996292530176,33560,10083
873580283840344065,23553,3819
873337748698140672,0,1540
873213775632977920,7025,1540
872967104147763200,26576,5268
872820683541237760,14329,3601
872620804844003328,20221,3583
872486979161796608,39658,8775
872122724285648897,33517,7923
871879754684805121,36924,10861
871762521631449091,19762,3394
871515927908634625,19692,3370
871166179821445120,0,5556
871102520638267392,20420,5386
871032628920680449,22152,3728
870804317367881728,32832,6051
870726314365509632,118,3
870656317836468226,12112,2588
870374049280663552,80906,25686
870308999962521604,21380,4062
870063196459192321,35813,8169
869772420881756160,41555,9830
869702957897576449,27660,6217
869596645499047938,15652,3079
869227993411051520,20038,3721
868880397819494401,64225,14208
868639477480148993,0,2053
868622495443632128,26203,5209
868552278524837888,9922,2053
867900495410671616,23759,4110
867774946302451713,33354,7238
867421006826221569,15826,2457
867072653475098625,0,119
867051520902168576,31698,7749
866720684873056260,19714,4745
866686824827068416,18962,3431
866450705531457537,120281,34862
866334964761202691,51678,14235
866094527597207552,0,8270
865718153858494464,25248,5560
865359393868664832,26074,4956
865006731092295680,27589,7606
864873206498414592,31830,8633
864279568663928832,14405,2999
864197398364647424,29708,8848
863907417377173506,20361,4093
863553081350529029,15124,4150
863471782782697472,0,2421
863432100342583297,23513,5194
863427515083354112,2221,96
863079547188785154,8664,1093
863062471531167744,8406,2421
862831371563274240,18969,5072
862722525377298433,16889,3504
862457590147678208,20281,4932
862096992088072192,73669,23134
861383897657036800,35767,10654
861288531465048066,17029,4140
861005113778896900,16572,3787
860981674716409858,0,2152
860924035999428608,0,813
860563773140209665,7454,2152
860524505164394496,23427,5273
860276583193509888,18182,3473
860184849394610176,16548,5847
860177593139703809,0,30867
859924526012018688,19429,4078
859851578198683649,15307,3512
859607811541651456,18474,1574
859196978902773760,89428,30257
859074603037188101,33682,13660
858860390427611136,0,8165
858843525470990336,15470,3497
858471635011153920,21413,4850
858107933456039936,15667,2914
857989990357356544,16063,2602
857746408056729600,34166,10705
857393404942143489,5895,1657
857263160327368704,19981,4547
857214891891077121,227,18
857062103051644929,0,171
857029823797047296,18923,4043
856543823941562368,16259,2911
856526610513747968,11853,1905
856330835276025856,0,682
856288084350160898,518,17
856282028240666624,27746,6399
855862651834028034,344,26
855860136149123072,5010,1040
855857698524602368,11886,2139
855851453814013952,45649,18003
855818117272018944,26700,5519
855459453768019968,29978,8336
855245323840757760,0,6074
855138241867124737,0,46
854732716440526848,22970,6212
854482394044301312,29475,6995
854365224396361728,19007,4772
854120357044912130,32203,7630
854010172552949760,16307,3215
853760880890318849,28813,5897
853639147608842240,35110,10368
853299958564483072,15653,3640
852936405516943360,0,2059
852912242202992640,9163,1884
852672615818899456,15098,2207
852553447878664193,16522,3599
852311364735569921,33526,10153
852226086759018497,20254,6979
852189679701164033,11605,1626
851953902622658560,0,9914
851861385021730816,0,22
851591660324737024,16451,3567
851464819735769094,24601,7281
851224888060895234,20974,5897
850753642995093505,31436,9538
850380195714523136,13290,2698
850333567704068097,3497,347
850145622816686080,16598,3940
850019790995546112,20797,5045
849776966551130114,31014,7855
849668094696017920,0,5112
849412302885593088,16173,3247
849336543269576704,11615,1956
849051919805034497,43239,8794
848690551926992896,25693,4469
848324959059550208,25245,4759
848213670039564288,8344,773
848212111729840128,16664,3174
847978865427394560,0,3371
847971574464610304,0,442
847962785489326080,24003,5276
847842811428974592,5571,1381
847617282490613760,7136,440
847606175596138505,19185,3534
847251039262605312,20907,4447
847157206088847362,20377,6076
847116187444137987,21886,3314
846874817362120707,20528,4074
846514051647705089,45677,12053
846505985330044928,14435,3192
846153765933735936,32437,9440
846139713627017216,31673,10316
846042936437604353,16381,3005
845812042753855489,30009,9094
845677943972139009,25778,4969
845397057150107648,7825,1877
845306882940190720,23930,5615
845098359547420673,0,7976
844979544864018432,13958,2677
844973813909606400,15501,3346
844580511645339650,16923,3274
844223788422217728,13991,2294
843981021012017153,15550,3058
843856843873095681,22013,4836
843604394117681152,17347,2879
843235543001513987,22115,6312
842846295480000512,15650,3776
842765311967449089,6946,1337
842535590457499648,18608,3663
842163532590374912,25167,6074
842115215311396866,14393,3179
841833993020538882,0,16015
841680585030541313,26398,8120
841439858740625411,13004,3858
841320156043304961,20371,5716
841314665196081154,16290,4905
841077006473256960,23550,5556
840761248237133825,0,1842
840728873075638272,0,16928
840698636975636481,182,2
840696689258311684,12654,1031
840632337062862849,9251,1842
840370681858686976,16969,4771
840268004936019968,19870,6011
839990271299457024,13824,2404
839549326359670784,28359,8165
839290600511926273,0,148
839239871831150596,28074,6873
838952994649550848,20252,4182
838921590096166913,11526,2174
838916489579200512,0,36
838831947270979586,0,11615
838561493054533637,11282,1392
838476387338051585,23293,5052
838201503651401729,0,10602
838150277551247360,1738,350
838085839343206401,146,1
838083903487373313,18196,3323
837820167694528512,35319,8270
837482249356513284,3964,463
837471256429613056,13215,2398
837366284874571778,21875,5583
837110210464448512,16582,2506
836989968035819520,13142,2418
836753516572119041,19925,4864
836677758902222849,13030,2338
836648853927522308,0,574
836397794269200385,0,29194
836380477523124226,15261,3136
836260088725786625,22008,4517
836001077879255040,19752,4516
835685285446955009,0,8584
835574547218894849,18425,3815
835536468978302976,0,1798
835309094223372289,0,22178
835297930240217089,17011,3166
835264098648616962,7993,1798
835246439529840640,2175,77
835172783151792128,27059,6063
835152434251116546,23255,3190
834931633769889797,11204,1742
834786237630337024,21979,5821
834574053763584002,14159,2677
834477809192075265,0,11281
834458053273591808,9969,1776
834209720923721728,21339,5043
834167344700198914,16352,3850
834089966724603904,10411,2250
834086379323871233,13533,2341
833863086058651648,13900,2530
833826103416520705,18672,3944
833732339549220864,0,227
833722901757046785,21499,3399
833479644947025920,15391,2178
833124694597443584,20957,5112
832998151111966721,13778,2345
832769181346996225,0,39
832757312314028032,17452,3830
832682457690300417,12324,3099
832645525019123713,3034,550
832636094638288896,16434,2941
832397543355072512,12375,2349
832369877331693569,17822,3371
832273440279240704,11741,2463
832215909146226688,0,6563
832215726631055365,0,9928
832088576586297345,68,2
832040443403784192,0,10270
832032802820481025,18520,4929
831939777352105988,24885,6489
831926988323639298,354,35
831911600680497154,28715,6915
831670449226514432,10853,1923
831650051525054464,7461,2059
831552930092285952,9326,2431
831322785565769729,9593,1626
831315979191906304,6781,1187
831309418084069378,12188,2593
831262627380748289,12372,2168
830956169170665475,8282,1582
830583320585068544,69516,17847
830173239259324417,0,6045
830097400375152640,10211,3177
829878982036299777,0,5346
829861396166877184,12719,2081
829501995190984704,32997,11281
829449946868879360,10875,2147
829374341691346946,36012,9914
829141528400556032,25452,7867
829011960981237760,55180,17236
828801551087042563,0,3604
828770345708580865,26590,6228
828708714936930305,38076,11943
828650029636317184,9889,1431
828409743546925057,6577,1221
828408677031882754,7988,1372
828381636999917570,13135,2365
828376505180889089,7687,1135
828372645993398273,13067,3143
828361771580813312,2288,179
828046555563323392,12237,3048
828011680017821696,10778,2282
827933404142436356,20941,5557
827653905312006145,16084,3199
827600520311402496,7712,1009
827324948884643840,16506,3256
827199976799354881,11011,2388
826958653328592898,22472,5346
826848821049180160,37968,10884
826615380357632002,0,4211
826598799820865537,5320,268
826598365270007810,10488,2500
826476773533745153,19220,4477
826240494070030336,13829,2760
826204788643753985,5078,990
826115272272650244,16332,3342
825876512159186944,10910,1998
825829644528148480,13276,2657
825535076884762624,54440,18345
825147591692263424,19105,4867
825120256414846976,0,1365
825026590719483904,6617,1365
824796380199809024,0,5865
824775126675836928,15613,3752
824663926340194305,10533,1853
824325613288833024,12319,11109
824297048279236611,15748,4128
824025158776213504,4994,628
823939628516474880,11110,2897
823719002937630720,0,11977
823699002998870016,14533,2676
823581115634085888,13604,2827
823333489516937216,731,26
823322678127919110,16449,4296
823269594223824897,0,10516
822975315408461824,18072,3686
822872901745569793,138155,46872
822859134160621569,13847,2441
822647212903690241,0,6855
822610361945911296,15465,3167
822489057087389700,18998,6855
822462944365645825,29677,15632
822244816520155136,36610,10516
822163064745328640,0,5134
821886076407029760,11855,2502
821813639212650496,0,3580
821765923262631936,8800,1778
821522889702862852,8401,1900
821421320206483457,0,5986
821407182352777218,12328,4647
821153421864615936,263,10
821149554670182400,9109,2158
821107785811234820,10035,2277
821044531881721856,13254,2454
820837357901512704,0,7181
820749716845686786,32999,10602
820690176645140481,12781,3452
820494788566847489,0,605
820446719150292993,0,2767
820314633777061888,3494,605
820078625395449857,20760,6733
820013781606658049,0,1269
819952236453363712,5576,1269
819924195358416896,13496,5188
819711362133872643,14088,3358
819588359383371776,10044,2112
819347104292290561,7562,1292
819238181065359361,2392,432
819227688460238848,24198,7181
819015337530290176,0,39472
819015331746349057,0,20349
819006400881917954,47416,20349
819004803107983360,90976,39472
818646164899774465,0,22411
818627210458333184,23289,8014
818614493328580609,10333,2767
818588835076603904,0,6595
818536468981415936,11436,2658
818307523543449600,0,8730
818259473185828864,11560,2451
818145370475810820,12867,2781
817908911860748288,5086,846
817827839487737858,54331,29194
817777686764523521,11233,2876
817536400337801217,12376,3268
817502432452313088,0,3647
817423860136083457,35777,16015
817415592588222464,5874,1033
817181837579653120,0,9122
817171292965273600,9164,2165
817120970343411712,12793,2812
817056546584727552,9009,1768
816829038950027264,0,5048
816816676327063552,10527,2181
816697700272001025,10286,2362
816450570814898180,32081,8730
816336735214911488,9028,2099
816091915477250048,9391,2319
816062466425819140,0,1120
816014286006976512,0,5697
815990720817401858,5234,1120
815966073409433600,23546,9122
815745968457060357,0,4444
815736392542261248,10342,2440
815639385530101762,8635,1765
815390420867969024,10879,4091
814986499976527872,8043,1382
814638523311648768,11844,2914
814578408554463233,0,6235
814530161257443328,9084,1993
814153002265309185,30269,9327
813944609378369540,0,3432
813910438903693312,9782,2011
813812741911748608,38291,15043
813800681631023104,8780,1891
813217897535406080,19630,7875
813202720496779264,9673,1942
813187593374461952,20888,4694
813172488309972993,9800,2061
813157409116065792,8168,2388
813142292504645637,8877,2539
813130366689148928,4702,481
813127251579564032,12465,3373
813112105746448384,10855,2966
813096984823349248,11078,3872
813081950185472002,10386,2979
813066809284972545,8374,2095
813051746834595840,22054,7890
812781120811126785,7982,2060
812709060537683968,6969,1535
812503143955202048,6404,1315
812466873996607488,8403,2079
812372279581671427,14406,3955
811985624773361665,7644,1514
811744202451197953,7945,1721
811647686436880384,5882,799
811627233043480576,13454,3349
811386762094317568,22024,6868
810984652412424192,5617,1548
810896069567610880,9531,1919
810657578271330305,11563,2854
810284430598270976,37236,12269
810254108431155201,15467,3604
809920764300447744,16309,4211
809808892968534016,0,5274
809448704142938112,7316,1578
809220051211603969,21008,6045
809084759137812480,13936,3796
808838249661788160,10662,3283
808733504066486276,8339,2330
808501579447930884,11891,2792
808344865868283904,44839,22411
808134635716833280,0,6395
808106460588765185,9237,2370
808001312164028416,13255,3822
807621403335917568,15351,3957
807106840509214720,125106,60002
807059379405148160,0,7884
807010152071229440,13756,4134
806629075125202948,79092,37522
806620845233815552,0,5962
806576416489959424,5125,2080
806542213899489280,10770,2539
806242860592926720,0,12586
806219024703037440,6783,1284
805958939288408065,0,5807
805932879469572096,8725,2064
805826884734976000,6942,1976
805823200554876929,0,8676
805520635690676224,6067,1776
805487436403003392,9264,2736
805207613751304193,8221,1837
804738756058218496,14470,4138
804475857670639616,6474,2165
804413760345620481,0,3481
804026241225523202,47036,17501
803773340896923648,10601,2981
803692223237865472,0,8024
803638050916102144,11566,4446
803380650405482500,8183,2000
803321560782307329,0,5720
803276597545603072,10583,2652
802952499103731712,9540,2166
802624713319034886,0,3152
802600418706604034,7508,1590
802572683846291456,9437,2693
802323869084381190,17117,6296
802265048156610565,6969,1475
802239329049477120,9568,2824
802185808107208704,0,285
801958328846974976,8150,1846
801854953262350336,1865,251
801538201127157760,8655,2216
801285448605831168,6384,896
801167903437357056,25869,6395
801127390143516673,0,4274
801115127852503040,8533,2257
800859414831898624,726,102
800855607700029440,0,1758
800751577355128832,11100,2993
800513324630806528,13872,3247
800459316964663297,10013,2329
800443802682937345,0,4653
800388270626521089,11774,3032
800188575492947969,0,4262
800141422401830912,16169,2767
800018252395122689,29968,14229
799774291445383169,0,5046
799757965289017345,8860,2334
799422933579902976,8502,2066
799308762079035393,0,5952
799297110730567681,10449,2985
799063482566066176,8525,2662
798933969379225600,13860,4828
798925684722855936,7861,1534
798705661114773508,0,7129
798701998996647937,0,8399
798697898615730177,0,7012
798694562394996736,0,5352
798686750113755136,0,2501
798682547630837760,0,5088
798673117451325440,0,5977
798665375516884993,0,4208
798644042770751489,0,1999
798628517273620480,0,2123
798585098161549313,0,6165
798576900688019456,0,6308
798340744599797760,0,3620
798209839306514432,10958,2754
797971864723324932,12294,3391
797545162159308800,15342,5226
797236660651966464,21083,7171
797165961484890113,240,28
796904159865868288,0,9595
796865951799083009,8106,2053
796759840936919040,12535,3298
796563435802726400,0,7873
796484825502875648,8003,1903
796387464403357696,11627,4499
796177847564038144,0,15459
796149749086875649,34138,15459
796125600683540480,5229,1928
796116448414461957,9624,2607
796080075804475393,8942,2501
796031486298386433,11431,3973
795464331001561088,52570,25712
795400264262053889,10657,3103
795076730285391872,17144,5865
794983741416415232,0,3646
794926597468000259,10860,2488
794355576146903043,0,11107
794332329137291264,10117,2870
794205286408003585,9741,3572
793962221541933056,17763,5274
793845145112371200,9737,2026
793614319594401792,0,3364
793601777308463104,8431,1756
793500921481273345,11301,2565
793286476301799424,25989,9928
793271401113350145,9156,2564
793256262322548741,21139,9013
793241302385262592,11107,3536
793226087023144960,10401,3097
793210959003287553,9440,3028
793195938047070209,16144,6080
793180763617361921,7333,2148
793165685325201412,9952,2997
793150605191548928,6528,1831
793135492858580992,6824,2688
793120401413079041,13410,4217
792913359805018113,15151,4329
792883833364439040,11944,4618
792773781206999040,7747,1807
792394556390137856,14208,4632
792050063153438720,7570,1949
791821351946420224,0,22690
791784077045166082,0,10380
791780927877898241,0,4122
791774931465953280,47672,23962
791672322847637504,12400,3364
791406955684368384,13839,4444
791312159183634433,9282,2739
791026214425268224,0,4442
790987426131050500,10412,2306
790946055508652032,17550,5048
790723298204217344,0,2497
790698755171364864,8661,2064
790581949425475584,21821,7757
790337589677002753,8254,2009
790277117346975746,13260,3432
790227638568808452,0,3858
789986466051088384,9749,2497
789960241177853952,0,4451
789903600034189313,10948,4447
789628658055020548,7928,1919
789599242079838210,7144,2086
789530877013393408,12426,3646
789314372632018944,9101,2486
789280767834746880,0,5334
789268448748703744,9620,2795
789137962068021249,10237,3012
788908386943430656,28918,13345
788765914992902144,28939,11107
788552643979468800,0,7758
788412144018661376,16429,5707
788178268662984705,7622,2282
788150585577050112,6472,1404
788070120937619456,0,3690
788039637453406209,6474,1423
787810552592695296,9148,3294
787717603741622272,10778,3001
787397959788929025,11447,3052
787322443945877504,8214,1883
787111942498508800,0,7260
786963064373534720,28043,8584
786729988674449408,0,2587
786709082849828864,19195,6563
786664955043049472,11213,2750
786595970293370880,9915,3339
786363235746385920,11486,3771
786286427768250368,8397,3083
786233965241827333,16104,5134
786051337297522688,1506,165
786036967502913536,0,7603
785927819176054784,11982,3405
785872687017132033,7038,1956
785639753186217984,8229,2391
785533386513321988,9583,2158
785515384317313025,6420,1353
785264754247995392,7649,1757
785170936622350336,12698,5222
784826020293709826,10665,3481
784517518371221505,9420,2730
784431430411685888,5994,1381
784183165795655680,21186,8676
784057939640352768,31450,11977
783839966405230592,31620,11615
783821107061198850,7737,2104
783695101801398276,10978,3467
783466772167098368,8896,2416
783391753726550016,17746,5916
783347506784731136,0,6014
783334639985389568,30726,12586
783085703974514689,8569,2381
782969140009107456,25380,7884
782747134529531904,7863,1503
782722598790725632,18174,5807
782598640137187329,8191,2012
782305867769217024,17519,5986
782021823840026624,0,6679
781955203444699136,11687,3608
781661882474196992,10974,2909
781655249211752448,4202,1203
781524693396357120,21819,5962
781308096455073793,7498,2732
781251288990355457,8866,2247
781163403222056960,10281,2936
780931614150983680,22731,7873
780858289093574656,7552,2150
780800785462489090,5779,1401
780601303617732608,12713,3580
780543529827336192,6617,1854
780496263422808064,0,3972
780476555013349377,0,122
780459368902959104,5553,1147
780192070812196864,9132,2398
780092040432480260,0,2463
780074436359819264,12849,5360
779834332596887552,19916,7603
779377524342161408,9267,3347
779124354206535695,0,19749
779123168116150273,12403,3920
779056095788752897,15527,4851
778990705243029504,20999,7770
778774459159379968,0,10674
778764940568104960,906,392
778748913645780993,7236,1424
778650543019483137,6051,1611
778624900596654080,4871,1082
778408200802557953,14327,4661
778396591732486144,0,13100
778383385161035776,6135,1187
778286810187399168,10907,3530
778039087836069888,8889,2817
778027034220126208,6869,1732
777953400541634568,0,3788
777885040357281792,6664,1760
777684233540206592,11784,3152
777641927919427584,0,4540
777621514455814149,9192,2665
777189768882946048,15003,4626
776819012571455488,0,14738
776813020089548800,5114,1299
776477788987613185,9263,2987
776249906839351296,0,9780
776218204058357768,31452,17107
776201521193218049,10072,2701
776113305656188928,12322,4653
776088319444877312,1916,161
775898661951791106,0,17600
775842724423557120,12276,2858
775733305207554048,14527,4274
775729183532220416,13549,4889
775364825476165632,7771,3179
775350846108426240,10648,4172
775085132600442880,16301,5046
774757898236878852,8969,1895
774639387460112384,7039,1849
774314403806253056,22818,5952
773985732834758656,11232,4145
773922284943896577,6699,1852
773704687002451968,6913,1735
773670353721753600,5572,1389
773547596996571136,23144,6595
773336787167145985,0,5431
773308824254029826,24372,7976
773247561583001600,9862,3445
773191612633579521,10470,4396
772877495989305348,8969,4133
772826264096874500,8389,2499
772615324260794368,0,3602
772581559778025472,6783,1807
772193107915964416,6321,1484
772152991789019136,3968,1195
772117678702071809,3938,788
772114945936949249,2840,502
772102971039580160,4196,994
771908950375665664,6886,2023
771770456517009408,12562,3620
771500966810099713,8656,2802
771380798096281600,10991,5431
771171053431250945,0,8068
771136648247640064,9581,3122
771102124360998913,6534,1534
771014301343748096,7175,1753
771004394259247104,0,231
770787852854652928,5165,1293
770772759874076672,5423,1507
770655142660169732,7658,1861
770414278348247044,6589,2207
770293558247038976,6522,1593
770093767776997377,0,3247
770069151037685760,7914,2441
769940425801170949,32861,10270
769695466921623552,6682,1765
769335591808995329,0,8200
769212283578875904,5654,1828
768970937022709760,15078,6970
768909767477751808,0,2868
768855141948723200,4388,950
768609597686943744,4304,1285
768596291618299904,5242,1360
768554158521745409,0,6212
768473857036525572,14246,3647
768193404517830656,11383,3788
767884188863397888,4971,1489
767754930266464257,16752,5720
767500508068192258,7818,2491
767191397493538821,12819,4043
767122157629476866,10589,3028
766864461642756096,0,6003
766793450729734144,5301,1449
766714921925144576,2722,410
766693177336135680,4202,844
766423258543644672,6291,1698
766313316352462849,7078,2003
766078092750233600,0,2764
766069199026450432,4442,912
766008592277377025,3913,527
765719909049503744,7553,2281
765669560888528897,5424,1295
765395769549590528,27649,3618
765371061932261376,7401,2300
765222098633691136,12120,3602
764857477905154048,6715,1887
764259802650378240,6305,1609
763956972077010945,781,58
763837565564780549,13149,4442
763183847194451968,5621,1568
763167063695355904,0,3203
763103485927849985,7685,2434
762699858130116608,12697,3858
762471784394268675,11755,6861
762464539388485633,10753,4451
762316489655476224,5014,1197
762035686371364864,33339,16610
761976711479193600,5628,2148
761750502866649088,0,4182
761745352076779520,4445,913
761672994376806400,51740,30867
761599872357261312,4294,1250
761371037149827077,0,19117
761334018830917632,5421,1542
761292947749015552,4654,1167
761227390836215808,5535,1655
761004547850530816,11815,3690
760893934457552897,3983,1030
760656994973933572,6906,2035
760641137271070720,5168,1370
760539183865880579,7903,3859
760521673607086080,4404,1481
760290219849637889,27976,12206
760252756032651264,4112,919
760190180481531904,5938,1918
760153949710192640,0,32
759943073749200896,6178,2213
759923798737051648,15271,6003
759846353224826880,6995,2104
759793422261743616,6209,2020
759566828574212096,0,22436
759557299618865152,4892,1246
759447681597108224,8853,2587
759446261539934208,1740,516
759197388317847553,6305,2069
759159934323924993,0,1233
759099523532779520,15122,4422
759047813560868866,6760,2148
758854675097526272,3695,954
758828659922702336,11648,4066
758740312047005698,5964,1705
758474966123810816,3979,1054
758467244762497024,5001,2362
758405701903519748,5413,2045
758355060040593408,3559,1154
758099635764359168,19959,10674
758041019896193024,2813,398
757741869644341248,7165,3448
757729163776290825,0,8596
757725642876129280,4713,1289
757611664640446465,4748,1181
757597904299253760,0,312
757596066325864448,4512,1122
757400162377592832,15763,7254
757393109802180609,6056,1851
757354760399941633,4695,1514
756998049151549440,6535,2103
756939218950160384,6903,2126
756651752796094464,5259,1384
756526248105566208,10826,3824
756303284449767430,4102,1153
756288534030475264,44594,18496
756275833623502848,6685,1610
755955933503782912,7624,3066
755206590534418437,17125,5708
755110668769038337,22105,11759
754874841593970688,0,8484
754856583969079297,7157,2680
754747087846248448,2678,551
754482103782404096,5522,2070
754449512966619136,3901,774
754120377874386944,8169,2479
753655901052166144,6067,2294
753420520834629632,8244,3785
753398408988139520,5997,2034
753375668877008896,7930,2463
753298634498793472,0,6097
753294487569522689,3515,1108
753039830821511168,38636,22178
753026973505581056,4053,1035
752932432744185856,13129,7260
752917284578922496,7171,1669
752701944171524096,0,3067
752682090207055872,6220,1697
752660715232722944,4572,1663
752568224206688256,5740,2421
752519690950500352,7657,3659
752334515931054080,3960,1170
752309394570878976,0,17691
752173152931807232,6181,1947
751950017322246144,3189,985
751937170840121344,5405,1430
751830394383790080,6015,2065
751793661361422336,6073,3077
751598357617971201,8209,3219
751583847268179968,4566,1171
751538714308972544,5236,1340
751456908746354688,3323,1060
751251247299190784,12983,6218
751205363882532864,6550,1943
751132876104687617,5260,1376
750868782890057730,4967,1465
750719632563142656,13698,5334
750506206503038976,4604,1205
750429297815552001,13672,4540
750383411068534784,4727,1206
750381685133418496,716,29
750147208377409536,3229,1017
750132105863102464,3778,1356
750117059602808832,4495,1373
750101899009982464,3155,892
750086836815486976,2253,570
750071704093859840,8172,3538
750056684286914561,3264,950
750041628174217216,3297,653
750026558547456000,2811,832
750011400160841729,3367,960
749996283729883136,3165,855
749981277374128128,5309,2599
749774190421639168,4835,1388
749417653287129088,6329,1757
749403093750648834,2719,572
749395845976588288,8913,3657
749317047558017024,5681,2341
749075273010798592,5971,2187
749064354620928000,4968,1602
749036806121881602,3215,828
748977405889503236,11127,3594
748932637671223296,6041,2393
748705597323898880,2867,1001
748699167502000129,4909,1682
748692773788876800,4400,1402
748575535303884801,6287,2092
748568946752774144,2264,707
748346686624440324,5409,1301
748337862848962560,7951,4347
748324050481647620,3827,803
748307329658011649,3795,746
748220828303695873,14656,8220
747963614829678593,5981,2255
747933425676525569,6860,2688
747885874273214464,3051,1037
747844099428986880,2913,787
747816857231626240,5015,1223
747651430853525504,1432,162
747648653817413632,13374,6154
747600769478692864,2401,582
747594051852075008,3816,1109
747512671126323200,5733,1672
747461612269887489,4002,1082
747439450712596480,5620,2032
747242308580548608,0,3028
747219827526344708,5480,1662
747204161125646336,3499,967
747103485104099331,9929,4207
746906459439529985,2996,310
746872823977771008,6201,2262
746818907684614144,5480,1816
746790600704425984,5035,1676
746757706116112384,9914,4122
746726898085036033,6250,1885
746542875601690625,5211,1974
746521445350707200,0,1032
746507379341139972,4802,1143
746369468511756288,6383,1728
746131877086527488,7155,2325
746056683365994496,3668,857
745789745784041472,4161,1123
745712589599014916,7224,2444
745433870967832576,7333,2671
745422732645535745,8889,2555
745314880350101504,7416,2919
745074613265149952,8099,3707
745057283344719872,7481,2397
744995568523612160,3066,652
744971049620602880,8157,2842
744709971296780288,5791,1640
744334592493166593,7002,2242
744234799360020481,161887,82260
744223424764059648,1737,388
743980027717509120,4306,1144
743895849529389061,3765,1005
743835915802583040,0,2190
743609206067040256,4625,1450
743595368194129920,19056,6896
743545585370791937,3643,983
743510151680958465,8176,3886
743253157753532416,4362,1278
743222593470234624,6409,1993
743210557239623680,3977,1431
742534281772302336,7288,3727
742528092657332225,4569,2086
742465774154047488,7498,4087
742423170473463808,10139,3972
742385895052087300,7034,2086
742161199639494656,4485,1446
742150209887731712,5310,1636
741793263812808706,4695,1577
741743634094141440,8449,2905
741438259667034112,3787,871
741303864243200000,9068,3385
741099773336379392,10350,5824
741067306818797568,9772,3247
740995100998766593,6588,2903
740711788199743490,3520,981
740699697422163968,2930,820
740676976021798912,18754,7129
740373189193256964,35968,13952
740365076218183684,2552,452
740359016048689152,3401,893
740214038584557568,6897,2063
739979191639244800,20609,6212
739932936087216128,4177,1128
739844404073074688,3919,895
739623569819336705,3918,1426
739606147276148736,5536,1735
739544079319588864,40902,22436
739485634323156992,7406,3067
739238157791694849,119625,60869
738891149612572673,112,6
738885046782832640,3892,1198
738883359779196928,3426,845
738537504001953792,5257,1630
738402415918125056,3348,879
738184450748633089,4452,1259
738166403467907072,9062,3565
738156290900254721,2597,686
737826014890496000,5433,1844
737800304142471168,10313,3624
737678689543020544,5189,1389
737445876994609152,10588,4674
737322739594330112,3710,848
737310737551491075,15137,7783
736736130620620800,4427,1819
736392552031657984,18289,7758
736365877722001409,4107,1309
736225175608430592,8374,2902
736010884653420544,8122,3117
735991953473572864,3708,1205
735648611367784448,4134,1151
735635087207878657,6361,2458
735274964362878976,13400,5307
735256018284875776,3436,926
735137028879360001,3216,1012
734912297295085568,2826,545
734787690684657664,12937,6594
734776360183431168,2589,568
734559631394082816,1533,415
733828123016450049,3686,817
733822306246479872,3773,1058
733482008106668032,3243,987
733460102733135873,4332,1341
733109485275860992,50723,17600
732732193018155009,2511,558
732726085725589504,3645,924
732585889486888962,3780,814
732375214819057664,8331,2636
732005617171337216,15344,5697
731285275100512256,3589,1028
731156023742988288,3945,1328
730924654643314689,6319,2068
730573383004487680,5053,2244
730427201120833536,3580,1093
730211855403241472,3941,1098
730196704625098752,5005,2013
729854734790754305,4162,1178
729838605770891264,1762,401
729823566028484608,4108,1300
729463711119904772,5963,2424
729113531270991872,1939,339
728986383096946689,3240,853
728760639972315136,4812,1782
728751179681943552,2852,705
728653952833728512,3403,1084
728409960103686147,5050,2094
728387165835677696,3776,1000
728046963732717569,4431,1231
728035342121635841,4683,1741
728015554473250816,4217,1147
727685679342333952,3024,663
727644517743104000,6059,1825
727524757080539137,4593,1275
727314416056803329,3430,780
727286334147182592,3128,849
727175381690781696,4003,1443
727155742655025152,3743,1391
726935089318363137,7088,2560
726887082820554753,3948,1579
726828223124897792,3657,1040
726224900189511680,4535,1193
725842289046749185,7242,2764
725786712245440512,4281,1421
725729321944506368,5337,1867
725458796924002305,1449,647
724983749226668032,3820,1361
724771698126512129,2442,669
724405726123311104,5433,1716
724049859469295616,4441,1838
724046343203856385,2732,582
724004602748780546,4299,1638
723912936180330496,4008,1283
723688335806480385,7901,3103
723673163800948736,3102,931
723179728551723008,5438,1951
722974582966214656,4216,1633
722613351520608256,5104,1710
721503162398597120,4764,1948
721001180231503872,2599,641
720785406564900865,3204,799
720775346191278080,2554,704
720415127506415616,4247,1562
720389942216527872,6567,2618
720340705894408192,2949,1017
720059472081784833,3993,1168
720043174954147842,5041,2097
719991154352222208,4970,1818
719704490224398336,4687,1505
719551379208073216,5194,2009
719367763014393856,2867,770
719339463458033665,4539,1301
719332531645071360,3513,997
718971898235854848,3585,1135
718939241951195136,5387,1842
718631497683582976,19369,8399
718613305783398402,2503,500
718540630683709445,2544,1059
718460005985447936,2771,545
718454725339934721,4989,1570
718246886998687744,1984,518
718234618122661888,3982,1046
717841801130979328,2524,618
717790033953034240,2961,1171
717537687239008257,5909,1915
717428917016076293,1655,472
717421804990701568,3236,873
717047459982213120,6449,1998
717009362452090881,3343,1017
716802964044845056,4416,1231
716791146589110272,7471,1599
716730379797970944,1268,447
716447146686459905,13451,6160
716439118184652801,2431,219
716285507865542656,2855,1125
716080869887381504,6926,1993
715928423106027520,3280,912
715758151270801409,3829,1494
715733265223708672,4799,1753
715704790270025728,2884,592
715696743237730304,4020,1348
715680795826982913,4445,1692
715360349751484417,5624,1642
715342466308784130,3119,717
715220193576927233,2483,682
715200624753819648,5274,1963
715009755312439296,4285,1287
714982300363173890,3858,1073
714962719905021952,7560,4460
714957620017307648,4244,1475
714631576617938945,3360,1046
714606013974974464,3733,964
714485234495041536,2778,1206
714258258790387713,3113,746
714251586676113411,3369,869
714214115368108032,2338,914
714141408463036416,4431,1460
713919462244790272,3384,808
713909862279876608,1972,561
713900603437621249,2925,767
713761197720473600,5016,1433
713411074226274305,4548,1348
713177543487135744,7433,2949
713175907180089344,4591,1521
712809025985978368,19069,7012
712717840512598017,12711,5216
712668654853337088,4285,1262
712438159032893441,5479,1625
712309440758808576,251,25
712097430750289920,3902,1082
712092745624633345,3028,931
712085617388212225,3353,504
712065007010385924,2334,655
711998809858043904,0,130
711968124745228288,8299,2416
711743778164514816,2927,1026
711732680602345472,9147,4312
711694788429553666,33823,19117
711652651650457602,3974,956
711363825979756544,3767,1183
711306686208872448,3411,763
711008018775851008,3075,640
710997087345876993,4694,1443
710844581445812225,2623,721
710833117892898816,2766,557
710658690886586372,2378,586
710609963652087808,4931,2467
710588934686908417,4677,1948
710296729921429505,2441,772
710283270106132480,2204,538
710272297844797440,4666,1303
710269109699739648,2468,1174
710153181850935296,2989,930
710140971284037632,2852,923
710117014656950272,5657,2084
709918798883774466,3075,1107
709901256215666688,695,105
709852847387627521,3613,1246
709566166965075968,3643,1257
709556954897764353,3390,1107
709519240576036864,1532,245
709449600415961088,2298,602
709409458133323776,2697,715
709225125749587968,2473,596
709207347839836162,12942,6105
709198395643068416,2492,666
709179584944730112,2067,695
709158332880297985,2106,436
709042156699303936,4903,1711
708853462201716736,1846,684
708845821941387268,3084,937
708834316713893888,1741,526
708810915978854401,16980,7247
708738143638450176,2825,850
708711088997666817,2620,751
708479650088034305,2626,702
708469915515297792,3186,846
708400866336894977,16477,10588
708356463048204288,3703,1385
708349470027751425,2423,765
708149363256774660,4404,1602
708130923141795840,3495,878
708119489313951744,2765,1022
708109389455101952,1992,564
708026248782585858,4502,1999
707995814724026368,3233,1173
707983188426153984,51,2
707969809498152960,2778,1009
707776935007539200,3383,993
707741517457260545,2569,637
707738799544082433,4220,2591
707693576495472641,3536,1039
707629649552134146,2651,923
707610948723478529,17480,6679
707420581654872064,2343,720
707411934438625280,2361,617
707387676719185920,3610,1355
707377100785885184,3381,1128
707315916783140866,2553,669
707297311098011648,2866,826
707059547140169728,2666,706
707038192327901184,2255,823
707021089608753152,4201,1427
707014260413456384,2374,622
706904523814649856,15025,8200
706901761596989440,2127,624
706681918348251136,3427,1013
706644897839910912,2658,1146
706593038911545345,2223,653
706538006853918722,3568,1479
706516534877929472,3192,1073
706346369204748288,3554,965
706310011488698368,22013,8343
706291001778950144,1755,488
706265994973601792,2813,964
706169069255446529,4033,2328
706166467411222528,5310,1676
706153300320784384,1533,396
705975130514706432,3201,767
705970349788291072,3239,926
705898680587526145,2436,581
705786532653883392,2004,547
705591895322394625,3266,1208
705475953783398401,3044,960
705442520700944385,4575,1705
705428427625635840,3931,1758
705239209544720384,3092,777
705223444686888960,2652,835
705102439679201280,2218,534
705066031337840642,2245,633
704871453724954624,4408,1161
704859558691414016,2326,571
704847917308362754,5256,1602
704819833553219584,2725,1034
704761120771465216,6838,3028
704499785726889984,3023,1047
704491224099647488,787,84
704480331685040129,3499,1103
704364645503647744,8270,3711
704347321748819968,1639,362
704134088924532736,1554,488
704113298707505153,1905,588
704054845121142784,3021,948
703774238772166656,1899,483
703769065844768768,3390,1191
703631701117943808,2672,720
703611486317502464,3974,1585
703425003149250560,3909,1437
703407252292673536,2532,729
703382836347330562,3622,1189
703356393781329922,1973,404
703268521220972544,2028,567
703079050210877440,7625,3240
703041949650034688,27170,13100
702932127499816960,2677,753
702899151802126337,1658,477
702684942141153280,3333,1127
702671118226825216,2270,584
702598099714314240,12572,3585
702539513671897089,2963,1000
702332542343577600,3301,1632
702321140488925184,3379,1086
702276748847800320,2557,800
702217446468493312,4949,1398
701981390485725185,3559,1039
701952816642965504,3948,1073
701889187134500865,3653,1442
701805642395348998,3538,1769
701601587219795968,2154,478
701570477911896070,2904,969
701545186879471618,2747,641
701214700881756160,12610,5352
700890391244103680,2280,600
700864154249383937,2675,641
700847567345688576,2524,522
700796979434098688,2518,1002
700747788515020802,23591,9780
700518061187723268,2706,840
700505138482569216,2357,598
700462010979500032,4263,1880
700167517596164096,2726,780
700151421916807169,2308,696
700143752053182464,7761,2868
700062718104104960,2735,727
700029284593901568,2138,608
700002074055016451,3415,1403
699801817392291840,3161,1007
699788877217865730,2307,521
699779630832685056,2853,1306
699775878809702401,2018,633
699691744225525762,10583,4822
699446877801091073,6129,2736
699434518667751424,2231,529
699423671849451520,1421,346
699413908797464576,2137,639
699370870310113280,1946,459
699323444782047232,3260,903
699088579889332224,2310,662
699079609774645248,2530,685
699072405256409088,3101,1248
699060279947165696,3886,1890
699036661657767936,2683,1247
698989035503689728,3485,1025
698953797952008193,2789,947
698907974262222848,2621,653
698710712454139905,2548,713
698703483621523456,1503,399
698635131305795584,1334,356
698549713696649216,2404,650
698355670425473025,1931,475
698342080612007937,2337,992
698262614669991936,4907,2101
698195409219559425,17311,6235
698178924120031232,2901,779
697995514407682048,1571,350
697990423684476929,3387,1358
697943111201378304,2475,720
697881462549430272,3113,1244
697630435728322560,1806,565
697616773278015490,3259,1059
697596423848730625,3129,1321
697575480820686848,2102,521
697516214579523584,2140,1180
697482927769255936,2492,704
697463031882764288,3523,1447
697270446429966336,4830,1959
697259378236399616,3394,1047
697255105972801536,3119,1214
697242256848379904,2595,699
696900204696625153,3282,1066
696894894812565505,2415,707
696886256886657024,5019,1885
696877980375769088,2523,741
696754882863349760,1531,372
696744641916489729,2134,981
696713835009417216,2448,678
696518437233913856,4031,1785
696490539101908992,1252,150
696488710901260288,2621,1082
696405997980676096,3308,1199
696100768806522880,1994,699
695816827381944320,3106,1225
695794761660297217,3277,816
695767669421768709,1927,786
695629776980148225,4713,2201
695446424020918272,4522,1895
695409464418041856,8936,3744
695314793360662529,3749,1531
695095422348574720,2726,644
695074328191332352,2936,1161
695064344191721472,1653,628
695051054296211456,2748,825
694925794720792577,2774,959
694905863685980160,2842,974
694669722378485760,36921,15138
694356675654983680,1554,299
694352839993344000,2111,651
694342028726001664,1620,504
694329668942569472,2069,523
694206574471057408,4312,2128
694183373896572928,3042,974
694001791655137281,3508,1080
693993230313091072,1931,422
693942351086120961,1794,385
693647888581312512,2779,620
693644216740769793,1384,131
693642232151285760,2620,430
693629975228977152,2530,833
693622659251335168,1596,386
693590843962331137,5216,2068
693582294167244802,1701,265
693486665285931008,1840,664
693280720173801472,3475,1294
693267061318012928,2463,850
693262851218264065,2298,523
693231807727280129,2957,766
693155686491000832,8129,3365
693109034023534592,1778,644
693095443459342336,1924,484
692919143163629568,2744,786
692905862751522816,2518,918
692901601640583168,1835,626
692894228850999298,2352,847
692828166163931137,2975,920
692752401762250755,7044,3797
692568918515392513,4500,1615
692535307825213440,3289,1428
692530551048294401,1901,435
692423280028966913,1525,240
692417313023332352,9632,3647
692187005137076224,2608,857
692158366030913536,2216,824
692142790915014657,1697,414
692041934689402880,3507,1335
692017291282812928,2959,1000
691820333922455552,4079,1743
691793053716221953,8395,4414
691756958957883396,2970,1064
691675652215414786,2009,528
691483041324204033,2457,587
691459709405118465,4179,1206
691444869282295808,2737,885
691416866452082688,19934,8024
691321916024623104,2655,689
691096613310316544,3052,925
691090071332753408,1768,352
690989312272396288,6090,3001
690959652130045952,3697,1317
690938899477221376,4255,2092
690932576555528194,3388,1076
690735892932222976,3909,1331
690728923253055490,2245,540
690690673629138944,2403,842
690649993829576704,1355,293
690607260360429569,303,17
690597161306841088,2030,634
690400367696297985,1933,472
690374419777196032,3365,894
690360449368465409,2738,933
690348396616552449,1560,541
690248561355657216,1733,434
690021994562220032,2879,1083
690015576308211712,2590,772
690005060500217858,3784,1776
689999384604450816,1477,393
689993469801164801,1506,475
689977555533848577,1418,469
689905486972461056,2507,728
689877686181715968,3128,1238
689835978131935233,2233,789
689661964914655233,3307,973
689659372465688576,10697,4067
689623661272240129,2298,675
689599056876867584,12009,5799
689557536375177216,2116,481
689517482558820352,3513,1506
689289219123089408,2330,987
689283819090870273,3393,1154
689280876073582592,2055,751
689275259254616065,1193,256
689255633275777024,2641,1130
689154315265683456,3173,1049
689143371370250240,2078,535
688916208532455424,2822,914
688908934925697024,2184,816
688898160958271489,2173,828
688894073864884227,2312,731
688828561667567616,1424,391
688804835492233216,997,203
688789766343622656,2292,692
688547210804498433,2697,734
688519176466644993,2395,769
688385280030670848,9594,4686
688211956440801280,2305,871
688179443353796608,2193,616
688116655151435777,2928,819
688064179421470721,1789,377
687841446767013888,5640,2655
687826841265172480,2821,1185
687818504314159109,2575,998
687807801670897665,2477,740
687732144991551489,1823,692
687704180304273409,2523,881
687664829264453632,2000,534
687494652870668288,1968,602
687480748861947905,1651,253
687476254459715584,2047,559
687460506001633280,2128,569
687399393394311168,1959,655
687317306314240000,20775,9595
687312378585812992,4504,1995
687127927494963200,5641,2408
687124485711986689,2246,524
687109925361856513,6008,2593
687102708889812993,2418,1035
687096057537363968,2321,633
686947101016735744,8899,3340
686760001961103360,3641,1447
686749460672679938,3595,1532
686730991906516992,4284,1263
686683045143953408,2914,842
686618349602762752,3815,1433
686606069955735556,1964,573
686394059078897668,1797,711
686386521809772549,3367,921
686377065986265092,2285,591
686358356425093120,2263,713
686286779679375361,4132,1748
686050296934563840,2275,762
686035780142297088,1196,127
686034024800862208,3217,1215
686007916130873345,2571,443
686003207160610816,1887,674
685973236358713344,2180,546
685943807276412928,1681,628
685906723014619143,7757,3068
685681090388975616,2098,131
685667379192414208,2421,602
685663452032069632,3365,1532
685641971164143616,3029,822
685547936038666240,34056,16505
685532292383666176,3134,1215
685325112850124800,9791,4182
685321586178670592,2734,675
685315239903100929,3457,1135
685307451701334016,2145,461
685268753634967552,3205,1261
685198997565345792,2412,697
685169283572338688,4236,1492
684969860808454144,2445,395
684959798585110529,7041,3290
684940049151070208,3328,1092
684926975086034944,3621,488
684914660081053696,3630,1544
684902183876321280,1942,557
684880619965411328,2171,865
684830982659280897,36199,22690
684800227459624960,2810,1049
684594889858887680,9220,3705
684588130326986752,4245,1477
684567543613382656,3115,1293
684538444857667585,2733,1001
684481074559381504,4008,1229
684460069371654144,2049,583
684241637099323392,8430,3488
684225744407494656,1275,222
684222868335505415,3960,1443
684200372118904832,2236,1075
684195085588783105,1978,545
684188786104872960,3601,1236
684177701129875456,2079,707
684147889187209216,3078,1566
684122891630342144,2066,497
684097758874210310,4251,1510
683857920510050305,3935,1170
683852578183077888,1988,370
683849932751646720,2700,1028
683834909291606017,2712,1164
683828599284170753,2902,1118
683773439333797890,3452,1422
683742671509258241,6712,3485
683515932363329536,7594,3067
683498322573824003,3270,1011
683481228088049664,2731,1045
683462770029932544,2514,708
683449695444799489,4035,1692
683391852557561860,7881,2501
683357973142474752,3028,976
683142553609318400,2984,1094
683111407806746624,3507,959
683098815881154561,2232,692
683078886620553216,2047,589
683030066213818368,2219,767
682962037429899265,38117,17524
682808988178739200,1834,189
682788441537560576,2554,1173
682750546109968385,1573,462
682697186228989953,1354,379
682662431982772225,3151,1139
682638830361513985,2126,637
682429480204398592,3545,1224
682406705142087680,7827,1859
682393905736888321,2303,715
682389078323662849,1716,491
682303737705140231,3170,1058
682259524040966145,4304,1276
682242692827447297,3366,1237
682088079302213632,18880,10380
682059653698686977,5115,1778
682047327939461121,3301,1007
682032003584274432,6805,2117
682003177596559360,3250,1611
681981167097122816,2891,1088
681891461017812993,2548,860
681694085539872773,13204,4262
681679526984871937,1824,473
681654059175129088,2722,975
681610798867845120,1973,500
681579835668455424,3655,1371
681523177663676416,14778,6097
681340665377193984,1693,294
681339448655802368,9587,4272
681320187870711809,2731,788
681302363064414209,4078,1920
681297372102656000,3307,1009
681281657291280384,3320,1158
681261549936340994,1504,290
681242418453299201,1537,567
681231109724700672,2478,510
681193455364796417,3825,1560
680970795137544192,2502,698
680959110691590145,4706,2107
680940246314430465,3314,1109
680934982542561280,2138,463
680913438424612864,2476,649
680889648562991104,1820,380
680836378243002368,3567,1395
680805554198020098,2224,695
680801747103793152,2449,866
680798457301471234,2944,1096
680609293079592961,2719,748
680583894916304897,3738,1413
680497766108381184,4367,2004
680494726643068929,1772,509
680473011644985345,2633,780
680440374763077632,1501,531
680221482581123072,1509,304
680206703334408192,2929,1239
680191257256136705,2217,529
680176173301628928,4021,1650
680161097740095489,2394,771
680145970311643136,3728,1834
680130881361686529,2355,996
680115823365742593,2797,945
680100725817409536,3682,1441
680085611152338944,13180,9404
680070545539371008,2660,925
679877062409191424,2030,682
679872969355714560,2248,695
679862121895714818,2525,652
679854723806179328,2941,1297
679844490799091713,2440,797
679828447187857408,37326,14738
679777920601223168,3177,1166
679736210798047232,2154,832
679729593985699840,2227,864
679722016581222400,1700,490
679530280114372609,4919,2183
679527802031484928,2720,758
679511351870550016,3467,1326
679503373272485890,3230,1546
679475951516934144,2151,664
679462823135686656,32648,19749
679405845277462528,2446,1261
679158373988876288,21998,8484
679148763231985668,2852,1081
679132435750195208,3048,1215
679111216690831360,6135,2681
679062614270468097,17527,8596
679047485189439488,2306,707
679001094530465792,2912,1296
678991772295516161,2380,1233
678969228704284672,1690,484
678800283649069056,2648,947
678798276842360832,3552,1238
678774928607469569,2883,963
678767140346941444,3630,1434
678764513869611008,1682,501
678755239630127104,7320,3464
678740035362037760,3857,1769
678708137298427904,5731,2532
678675843183484930,2947,1545
678643457146150913,2106,442
678446151570427904,4112,1637
678424312106393600,5555,2656
678410210315247616,4343,1907
678399652199309312,81225,33177
678396796259975168,1633,443
678389028614488064,1918,440
678380236862578688,2507,952
678341075375947776,1774,564
678334497360859136,1336,271
678278586130948096,11723,6338
678255464182861824,1630,387
678023323247357953,1979,399
678021115718029313,14075,6661
677961670166224897,3503,1760
677918531514703872,1384,427
677895101218201600,4951,2201
677716515794329600,3135,1009
677700003327029250,3474,1515
677698403548192770,1261,334
677687604918272002,2544,883
677673981332312066,3406,1565
677662372920729601,1987,1015
677644091929329666,1902,834
677573743309385728,2185,754
677565715327688705,1324,475
677557565589463040,2492,1208
677547928504967168,7088,3795
677530072887205888,1095,236
677335745548390400,3105,1862
677334615166730240,1380,304
677331501395156992,1120,245
677328882937298944,3714,1564
677314812125323265,1682,553
677301033169788928,1263,428
677269281705472000,2042,732
677228873407442944,3622,1705
677187300187611136,2795,962
676975532580409345,2843,1114
676957860086095872,2262,839
676949632774234114,1338,414
676948236477857792,2224,906
676946864479084545,1750,393
676942428000112642,2110,785
676936541936185344,12969,5088
676916996760600576,3019,1864
676897532954456065,2300,747
676864501615042560,2145,738
676821958043033607,23497,16208
676819651066732545,1846,693
676811746707918848,1448,440
676776431406465024,5100,2084
676617503762681856,2954,1014
676613908052996102,1101,203
676606785097199616,1918,456
676603393314578432,1183,395
676593408224403456,4662,2234
676590572941893632,928,129
676588346097852417,2361,821
676582956622721024,1227,289
676575501977128964,2639,1156
676533798876651520,1902,577
676496375194980353,1547,550
676470639084101634,11809,4840
676440007570247681,1747,689
676430933382295552,1421,358
676263575653122048,2119,569
676237365392908289,1243,301
676219687039057920,76818,32112
676215927814406144,1771,603
676191832485810177,2320,1066
676146341966438401,1951,683
676121918416756736,2191,1198
676101918813499392,2863,1204
676098748976615425,3057,1481
676089483918516224,1335,447
675898130735476737,1648,591
675891555769696257,2165,893
675888385639251968,2416,996
675878199931371520,4229,1444
675870721063669760,1662,591
675853064436391936,2726,1338
675849018447167488,952,152
675845657354215424,2313,911
675822767435051008,1547,554
675820929667219457,1061,238
675798442703122432,10390,3491
675781562965868544,1650,490
675740360753160193,1188,358
675710890956750848,1918,846
675707330206547968,2006,716
675706639471788032,650,101
675534494439489536,1842,431
675531475945709568,1199,395
675522403582218240,1052,294
675517828909424640,1306,472
675501075957489664,17361,5977
675497103322386432,3183,1339
675489971617296384,1319,617
675483430902214656,1857,996
675432746517426176,1541,589
675372240448454658,1708,526
675362609739206656,1060,236
675354435921575936,33120,17691
675349384339542016,3967,2323
675334060156301312,2807,1333
675166823650848770,3654,1659
675153376133427200,6348,2668
675149409102012420,3773,1724
675147105808306176,949,244
675146535592706048,1204,321
675145476954566656,2161,928
675135153782571009,1310,508
675113801096802304,1972,805
675111688094527488,977,260
675109292475830276,2827,1163
675047298674663426,1070,337
675015141583413248,2732,1231
675006312288268288,997,232
675003128568291329,1573,485
674999807681908736,2273,1127
674805413498527744,864,363
674800520222154752,3051,880
674793399141146624,2528,1113
674790488185167872,1118,253
674788554665512960,822,216
674781762103414784,2016,1235
674774481756377088,1131,485
674767892831932416,1843,813
674764817387900928,791,243
674754018082705410,1370,460
674752233200820224,1470,479
674743008475090944,1420,565
674742531037511680,493,51
674739953134403584,1119,400
674737130913071104,650,96
674690135443775488,1153,481
674670581682434048,1614,665
674664755118911488,931,260
674646392044941312,1447,504
674644256330530816,1031,275
674638615994089473,1695,596
674632714662858753,1515,594
674606911342424069,944,102
674468880899788800,6275,2105
674447403907457024,1072,364
674436901579923456,1122,399
674422304705744896,1445,550
674416750885273600,683,143
674410619106390016,1207,476
674394782723014656,1518,585
674372068062928900,850,321
674330906434379776,566,74
674318007229923329,1430,525
674307341513269249,11401,7104
674291837063053312,14826,6014
674271431610523648,1580,744
674269164442398721,910,228
674265582246694913,1660,867
674262580978937856,1311,462
674255168825880576,1472,565
674082852460433408,758,173
674075285688614912,990,294
674063288070742018,6400,2253
674053186244734976,3345,1324
674051556661161984,1453,496
674045139690631169,1427,652
674042553264685056,727,131
674038233588723717,1107,422
674036086168010753,851,217
674024893172875264,1797,1247
674019345211760640,1137,306
674014384960745472,1568,660
674008982932058114,1205,364
673956914389192708,1954,976
673919437611909120,1174,376
673906403526995968,3210,1646
673887867907739649,934,255
673716320723169284,3094,761
673715861853720576,3558,2117
673711475735838725,1043,302
673709992831262724,849,278
673708611235921920,1089,295
673707060090052608,1104,398
673705679337693185,1258,408
673700254269775872,1446,581
673697980713705472,3820,1985
673689733134946305,1742,661
673688752737402881,1271,503
673686845050527744,1445,448
673680198160809984,1377,477
673662677122719744,1260,367
673656262056419329,720,247
673636718965334016,1105,365
673612854080196609,1601,732
673583129559498752,1194,370
673580926094458881,838,274
673576835670777856,1392,570
673363615379013632,1027,309
673359818736984064,1458,681
673355879178194945,1495,586
673352124999274496,1659,545
673350198937153538,750,217
673345638550134785,2516,1289
673343217010679808,974,274
673342308415348736,1275,593
673320132811366400,13498,8068
673317986296586240,878,264
673295268553605120,7538,3203
673270968295534593,1069,373
673240798075449344,1427,744
673213039743795200,2250,854
673148804208660480,1687,640
672997845381865473,1981,734
672995267319328768,959,299
672988786805112832,988,298
672984142909456390,1260,549
672980819271634944,1831,1024
672975131468300288,1685,918
672970152493887488,948,361
672968025906282496,1317,554
672964561327235073,1423,647
672902681409806336,1369,511
672898206762672129,907,428
672884426393653248,1555,843
672877615439593473,1034,372
672834301050937345,1316,577
672828477930868736,1259,500
672640509974827008,978,327
672622327801233409,1302,496
672614745925664768,1223,593
672609152938721280,1119,393
672604026190569472,1110,403
672594978741354496,1333,614
672591762242805761,954,337
672591271085670400,723,185
672538107540070400,1032,370
672523490734551040,641,173
672488522314567680,1111,445
672482722825261057,1137,607
672481316919734272,719,126
672475084225949696,1430,708
672466075045466113,1354,545
672272411274932228,6457,3422
672267570918129665,1498,622
672264251789176834,1137,342
672256522047614977,2814,1568
672254177670729728,1431,751
672248013293752320,1716,616
672245253877968896,687,162
672239279297454080,896,326
672231046314901505,1838,1031
672222792075620352,784,214
672205392827572224,2265,1167
672169685991993344,1019,372
672160042234327040,874,360
672139350159835138,1747,716
672125275208069120,2405,1151
672095186491711488,1006,372
672082170312290304,941,372
672068090318987265,1293,523
671896809300709376,8484,4208
671891728106971137,1333,581
671882082306625538,3463,1394
671879137494245376,1419,688
671874878652489728,1248,565
671866342182637568,1116,506
671855973984772097,906,449
671789708968640512,7063,3520
671768281401958400,1191,529
671763349865160704,1682,934
671744970634719232,1354,783
671743150407421952,744,235
671735591348891648,1449,761
671729906628341761,8499,4393
671561002136281088,12810,7295
671550332464455680,912,210
671547767500775424,1354,602
671544874165002241,1974,1058
671542985629241344,1090,568
671538301157904385,928,400
671536543010570240,1170,413
671533943490011136,1016,587
671528761649688577,842,263
671520732782923777,1402,530
671518598289059840,951,292
671511350426865664,1606,729
671504605491109889,7008,3576
671497587707535361,915,453
671488513339211776,1012,474
671486386088865792,578,207
671485057807351808,760,234
671390180817915904,1431,741
671362598324076544,1104,297
671357843010908160,398,149
671355857343524864,481,115
671347597085433856,955,432
671186162933985280,737,214
671182547775299584,1116,350
671166507850801152,876,356
671163268581498880,1667,1121
671159727754231808,373,82
671154572044468225,713,221
671151324042559489,670,157
671147085991960577,674,228
671141549288370177,1159,665
671138694582165504,921,406
671134062904504320,749,198
671122204919246848,3494,2546
671115716440031232,1367,783
671109016219725825,1144,444
670995969505435648,1103,297
670842764863651840,24588,8806
670840546554966016,591,194
670838202509447168,1109,702
670833812859932673,442,126
670832455012716544,733,220
670826280409919488,5545,4090
670823764196741120,774,195
670822709593571328,613,97
670815497391357952,3178,1548
670811965569282048,1128,274
670807719151067136,1156,498
670804601705242624,1958,970
670803562457407488,343,88
670797304698376195,737,240
670792680469889025,827,282
670789397210615808,659,245
670786190031921152,602,200
670783437142401025,818,398
670782429121134593,1560,776
670780561024270336,787,290
670778058496974848,328,74
670764103623966721,1071,424
670755717859713024,438,111
670733412878163972,960,518
670727704916926465,824,364
670717338665226240,1204,500
670704688707301377,771,374
670691627984359425,590,247
670679630144274432,748,284
670676092097810432,248,43
670668383499735048,10708,5087
670474236058800128,1517,759
670468609693655041,354,86
670465786746662913,973,555
670452855871037440,549,205
670449342516494336,1193,668
670444955656130560,6721,1999
670442337873600512,643,201
670435821946826752,1055,519
670434127938719744,1401,653
670433248821026816,329,114
670428280563085312,1377,632
670427002554466305,523,166
670421925039075328,1306,636
670420569653809152,629,318
670417414769758208,569,318
670411370698022913,2019,907
670408998013820928,557,228
670403879788544000,432,157
670385711116361728,557,209
670374371102445568,748,273
670361874861563904,328,69
670338931251150849,421,112
670319130621435904,3863,1233
670303360680108032,428,137
670290420111441920,703,290
670093938074779648,1024,335
670086499208155136,699,254
670079681849372674,2222,1248
670073503555706880,1578,799
670069087419133954,625,243
670061506722140161,765,346
670055038660800512,668,335
670046952931721218,644,179
670040295598354432,754,113
670037189829525505,586,278
670003130994700288,333,93
669993076832759809,325,86
669972011175813120,447,159
669970042633789440,301,62
669942763794931712,501,166
669926384437997569,371,105
669923323644657664,233,57
669753178989142016,811,405
669749430875258880,265,65
669684865554620416,513,90
669683899023405056,387,112
669682095984410625,349,136
669680153564442624,666,294
669661792646373376,800,441
669625907762618368,3523,1831
669603084620980224,946,366
669597912108789760,513,151
669583744538451968,1493,934
669573570759163904,434,141
669571471778410496,1588,1026
669567591774625800,235,55
669564461267722241,384,124
669393256313184256,368,77
669375718304980992,1333,735
669371483794317312,499,182
669367896104181761,463,158
669363888236994561,618,228
669359674819481600,370,125
669354382627049472,2702,1288
669353438988365824,643,264
669351434509529089,438,187
669328503091937280,1021,422
669327207240699904,575,116
669324657376567296,498,210
669216679721873412,1191,406
669214165781868544,438,167
669203728096960512,1003,483
669037058363662336,655,317
669015743032369152,737,376
669006782128353280,576,251
669000397445533696,20878,6420
668994913074286592,440,232
668992363537309700,746,350
668989615043424256,679,332
668988183816871936,897,476
668986018524233728,553,171
668981893510119424,536,307
668979806671884288,798,354
668975677807423489,1305,584
668967877119254528,146,23
668960084974809088,703,241
668955713004314625,280,72
668932921458302977,264,59
668902994700836864,318,102
668892474547511297,397,153
668872652652679168,525,304
668852170888998912,454,168
668826086256599040,431,139
668815180734689280,577,273
668779399630725120,705,375
668655139528511488,531,221
668645506898350081,887,536
668643542311546881,880,535
668641109086707712,1079,544
668636665813057536,1041,496
668633411083464705,2806,1662
668631377374486528,712,321
668627278264475648,316,117
668625577880875008,385,137
668623201287675904,1426,778
668620235289837568,200,43
668614819948453888,613,316
668587383441514497,1671,1084
668567822092664832,242,55
668544745690562560,514,226
668542336805281792,455,219
668537837512433665,250,77
668528771708952576,459,230
668507509523615744,322,107
668496999348633600,411,133
668484198282485761,423,238
668480044826800133,457,149
668466899341221888,878,523
668297328638447616,615,298
668291999406125056,242,31
668286279830867968,503,137
668274247790391296,820,232
668268907921326080,553,237
668256321989451776,1308,620
668248472370458624,981,493
668237644992782336,6188,2865
668226093875376128,298,104
668221241640230912,509,199
668204964695683073,552,197
668190681446379520,655,197
668171859951755264,489,195
668154635664932864,494,319
668142349051129856,567,284
668113020489474048,664,243
667937095915278337,1257,789
667924896115245057,300,113
667915453470232577,208,55
667911425562669056,490,307
667902449697558528,846,375
667886921285246976,1879,1094
667885044254572545,808,486
667878741721415682,389,119
667873844930215936,624,406
667866724293877760,2997,1032
667861340749471744,238,78
667832474953625600,291,62
667806454573760512,1051,495
667801013445750784,327,97
667793409583771648,697,332
667782464991965184,406,245
667773195014021121,235,57
667766675769573376,442,215
667728196545200128,377,151
667724302356258817,480,317
667550904950915073,0,35
667550882905632768,0,33
667549055577362432,5756,2286
667546741521195010,334,124
667544320556335104,860,527
667538891197542400,203,65
667534815156183040,812,538
667530908589760512,462,237
667524857454854144,1679,1103
667517642048163840,367,191
667509364010450944,6726,2123
667502640335572993,529,218
667495797102141441,514,268
667491009379606528,528,223
667470559035432960,252,99
667455448082227200,189,59
667453023279554560,306,88
667443425659232256,772,574
667437278097252352,445,235
667435689202614272,303,83
667405339315146752,460,220
667393430834667520,190,54
667369227918143488,361,163
667211855547486208,487,241
667200525029539841,607,260
667192066997374976,382,105
667188689915760640,736,414
667182792070062081,14205,6165
667177989038297088,189,55
667176164155375616,606,463
667174963120574464,238,82
667171260800061440,219,88
667165590075940865,2660,1128
667160273090932737,254,62
667152164079423490,47205,16928
667138269671505920,4548,2190
667119796878725120,326,127
667090893657276420,329,125
667073648344346624,398,122
667070482143944705,82,14
667065535570550784,163,46
667062181243039745,214,54
667044094246576128,182,50
667012601033924608,442,220
666996132027977728,242,93
666983947667116034,2521,973
666837028449972224,803,549
666835007768551424,209,80
666826780179869698,249,95
666817836334096384,509,246
666804364988780544,234,91
666786068205871104,746,482
666781792255496192,379,186
666776908487630848,343,171
666739327293083650,232,65
666701168228331520,423,214
666691418707132416,185,46
666649482315059201,1098,610
666644823164719104,228,78
666454714377183233,507,207
666447344410484738,99,19
666437273139982337,120,47
666435652385423360,161,52
666430724426358785,307,193
666428276349472768,161,81
666421158376562688,309,112
666418789513326592,119,45
666411507551481857,428,320
666407126856765440,103,37
666396247373291520,161,81
666373753744588802,180,88
666362758909284353,754,555
666353288456101888,211,71
666345417576210432,283,131
666337882303524864,191,88
666293911632134144,485,342
666287406224695296,141,63
666273097616637952,167,75
666268910803644416,99,34
666104133288665088,13914,6308
666102155909144576,76,11
666099513787052032,149,64
666094000022159362,158,70
666082916733198337,111,43
666073100786774016,312,157
666071193221509120,140,57
666063827256086533,460,211
666058600524156928,108,57
666057090499244032,284,136
666055525042405380,422,232
666051853826850816,1186,825
666050758794694657,129,56
666049248165822465,104,41
666044226329800704,288,135
666033412701032449,120,43
666029285002620928,124,46
666020888022790149,2500,493
